(1,5)(2,6)(3,7)(4,8)
(1,4)(2,3)(5,6)(7,8)
(1,5)(2,6)(3,7)(4,8)
(1,4)(2,3)(5,6)(7,8)
(1,5)(2,6)(3,7)(4,8)
(1,4)(2,3)(5,6)(7,8)
(1,5)(2,6)(3,7)(4,8)
(1,2)(5,8)(6,7)
(1,5)(2,6)(3,7)(4,8)
(1,2)(5,8)(6,7)
(1,5)(2,6)(3,7)(4,8)
(1,4)(2,3)(5,6)(7,8)
(1,5)(2,6)(3,7)(4,8)
(1,2)(5,8)(6,7)
(1,5)(2,6)(3,7)(4,8)
(1,2)(5,8)(6,7)
(1,5)(2,6)(3,7)(4,8)
(1,4)(2,3)(5,6)(7,8)
(1,5)(2,6)(3,7)(4,8)
(1,4)(2,3)(5,6)(7,8)
(1,5)(2,6)(3,7)(4,8)
(1,4)(2,3)(5,6)(7,8)
(1,5)(2,6)(3,7)(4,8)
(1,2)(5,8)(6,7)
(1,5)(2,6)(3,7)(4,8)
(1,2)(5,8)(6,7)
(1,5)(2,6)(3,7)(4,8)
(1,4)(2,3)(5,6)(7,8)
(1,5)(2,6)(3,7)(4,8)
(1,4)(2,3)(5,6)(7,8)
(1,5)(2,6)(3,7)(4,8)
(1,2)(5,8)(6,7)
(1,5)(2,6)(3,7)(4,8)
(1,4)(2,3)(5,6)(7,8)
(1,5)(2,6)(3,7)(4,8)
(1,4)(2,3)(5,6)(7,8)
(1,5)(2,6)(3,7)(4,8)
(1,4)(2,3)(5,6)(7,8)
(1,5)(2,6)(3,7)(4,8)
(1,2)(5,8)(6,7)
(1,5)(2,6)(3,7)(4,8)
(1,2)(5,8)(6,7)
(1,5)(2,6)(3,7)(4,8)
(1,4)(2,3)(5,6)(7,8)
(1,5)(2,6)(3,7)(4,8)
(1,2)(5,8)(6,7)
(1,5)(2,6)(3,7)(4,8)
(1,2)(5,8)(6,7)
(1,5)(2,6)(3,7)(4,8)
(1,4)(2,3)(5,6)(7,8)
(1,5)(2,6)(3,7)(4,8)
(1,4)(2,3)(5,6)(7,8)
(1,5)(2,6)(3,7)(4,8)
(1,4)(2,3)(5,6)(7,8)
(1,5)(2,6)(3,7)(4,8)
(1,2)(5,8)(6,7)
(1,5)(2,6)(3,7)(4,8)
(1,2)(5,8)(6,7)
(1,5)(2,6)(3,7)(4,8)
(1,4)(2,3)(5,6)(7,8)
(1,5)(2,6)(3,7)(4,8)
(1,4)(2,3)(5,6)(7,8)
(1,5)(2,6)(3,7)(4,8)
(1,2)(5,8)(6,7)
(1,5)(2,6)(3,7)(4,8)
(1,4)(2,3)(5,6)(7,8)
(1,5)(2,6)(3,7)(4,8)
(1,4)(2,3)(5,6)(7,8)
(1,5)(2,6)(3,7)(4,8)
(1,4)(2,3)(5,6)(7,8)
(1,5)(2,6)(3,7)(4,8)
(1,2)(5,8)(6,7)
(1,5)(2,6)(3,7)(4,8)
(1,2)(5,8)(6,7)
(1,5)(2,6)(3,7)(4,8)
(1,4)(2,3)(5,6)(7,8)
(1,5)(2,6)(3,7)(4,8)
(1,2)(5,8)(6,7)
(1,5)(2,6)(3,7)(4,8)
(1,2)(5,8)(6,7)
(1,5)(2,6)(3,7)(4,8)
(1,4)(2,3)(5,6)(7,8)
(1,5)(2,6)(3,7)(4,8)
(1,4)(2,3)(5,6)(7,8)
(1,5)(2,6)(3,7)(4,8)
(1,4)(2,3)(5,6)(7,8)
(1,5)(2,6)(3,7)(4,8)
(1,2)(5,8)(6,7)
(1,5)(2,6)(3,7)(4,8)
(1,2)(5,8)(6,7)
(1,5)(2,6)(3,7)(4,8)
(1,4)(2,3)(5,6)(7,8)
(1,5)(2,6)(3,7)(4,8)
(1,4)(2,3)(5,6)(7,8)
(1,5)(2,6)(3,7)(4,8)
(1,2)(5,8)(6,7)
(1,5)(2,6)(3,7)(4,8)
(1,4)(2,3)(5,6)(7,8)
(1,5)(2,6)(3,7)(4,8)
(1,4)(2,3)(5,6)(7,8)
(1,5)(2,6)(3,7)(4,8)
(1,4)(2,3)(5,6)(7,8)
(1,5)(2,6)(3,7)(4,8)
(1,2)(5,8)(6,7)
(1,5)(2,6)(3,7)(4,8)
(1,2)(5,8)(6,7)
(1,5)(2,6)(3,7)(4,8)
(1,4)(2,3)(5,6)(7,8)
(1,5)(2,6)(3,7)(4,8)
(1,2)(5,8)(6,7)
(1,5)(2,6)(3,7)(4,8)
(1,2)(5,8)(6,7)
(1,5)(2,6)(3,7)(4,8)
(1,4)(2,3)(5,6)(7,8)
(1,5)(2,6)(3,7)(4,8)
(1,4)(2,3)(5,6)(7,8)
(1,5)(2,6)(3,7)(4,8)
(1,4)(2,3)(5,6)(7,8)
(1,5)(2,6)(3,7)(4,8)
(1,2)(5,8)(6,7)
(1,5)(2,6)(3,7)(4,8)
(1,2)(5,8)(6,7)
(1,5)(2,6)(3,7)(4,8)
(1,4)(2,3)(5,6)(7,8)
(1,5)(2,6)(3,7)(4,8)
(1,4)(2,3)(5,6)(7,8)
(1,5)(2,6)(3,7)(4,8)
(1,2)(5,8)(6,7)
